È«±æµ¿0,11,37,52
È«±æµ¿1,53,53,49
È«±æµ¿2,56,14,85
È«±æµ¿3,25,90,58
È«±æµ¿4,52,2,64
È«±æµ¿5,98,71,73
È«±æµ¿6,47,90,60
È«±æµ¿7,42,89,88
È«±æµ¿8,19,31,36
È«±æµ¿9,55,3,76
È«±æµ¿10,23,82,32
È«±æµ¿11,61,42,31
È«±æµ¿12,87,20,54
È«±æµ¿13,1,24,97
È«±æµ¿14,15,73,30
È«±æµ¿15,18,17,4
È«±æµ¿16,76,16,20
È«±æµ¿17,31,98,70
È«±æµ¿18,46,79,32
È«±æµ¿19,39,30,95
È«±æµ¿20,57,64,71
È«±æµ¿21,12,79,37
È«±æµ¿22,34,17,22
È«±æµ¿23,90,65,30
È«±æµ¿24,81,74,32
È«±æµ¿25,59,27,24
È«±æµ¿26,32,89,44
È«±æµ¿27,51,35,48
È«±æµ¿28,92,9,62
È«±æµ¿29,63,90,68
È«±æµ¿30,24,67,55
È«±æµ¿31,72,58,53
È«±æµ¿32,61,5,72
È«±æµ¿33,21,0,67
È«±æµ¿34,71,99,11
È«±æµ¿35,61,28,9
È«±æµ¿36,1,63,90
È«±æµ¿37,88,55,52
È«±æµ¿38,50,66,40
È«±æµ¿39,94,33,67
È«±æµ¿40,63,39,94
È«±æµ¿41,4,96,88
È«±æµ¿42,58,58,46
È«±æµ¿43,32,22,45
È«±æµ¿44,61,44,77
È«±æµ¿45,10,68,64
È«±æµ¿46,15,1,31
È«±æµ¿47,63,61,26
È«±æµ¿48,96,59,79
È«±æµ¿49,25,56,47
È«±æµ¿50,13,9,14
È«±æµ¿51,7,23,82
È«±æµ¿52,60,39,96
È«±æµ¿53,44,98,81
È«±æµ¿54,47,56,6
È«±æµ¿55,98,75,56
È«±æµ¿56,50,87,20
È«±æµ¿57,95,66,39
È«±æµ¿58,82,73,55
È«±æµ¿59,1,4,23
È«±æµ¿60,48,86,22
È«±æµ¿61,21,33,59
È«±æµ¿62,89,92,18
È«±æµ¿63,24,1,41
È«±æµ¿64,28,40,29
È«±æµ¿65,86,89,46
È«±æµ¿66,92,51,73
È«±æµ¿67,21,86,94
È«±æµ¿68,2,78,21
È«±æµ¿69,79,65,18
È«±æµ¿70,22,26,68
È«±æµ¿71,38,62,6
È«±æµ¿72,8,82,35
È«±æµ¿73,8,24,29
È«±æµ¿74,67,38,48
È«±æµ¿75,10,26,95
È«±æµ¿76,66,49,76
È«±æµ¿77,77,72,9
È«±æµ¿78,11,10,86
È«±æµ¿79,42,62,86
È«±æµ¿80,6,23,75
È«±æµ¿81,4,46,15
È«±æµ¿82,32,57,73
È«±æµ¿83,33,11,92
È«±æµ¿84,12,45,19
È«±æµ¿85,33,51,57
È«±æµ¿86,37,32,1
È«±æµ¿87,39,84,18
È«±æµ¿88,38,88,29
È«±æµ¿89,2,34,97
È«±æµ¿90,86,42,17
È«±æµ¿91,44,74,90
È«±æµ¿92,78,87,79
È«±æµ¿93,54,1,81
È«±æµ¿94,63,78,81
È«±æµ¿95,65,14,80
È«±æµ¿96,23,90,75
È«±æµ¿97,50,78,58
È«±æµ¿98,6,28,20
È«±æµ¿99,38,95,29
